#mut_0.1_wt_9.9,0,0,0,0,0,0,0,0,0,0
mut_0.5_wt_9.5,33,0,9,0,2,1,2,1,1,0
mut_1_wt_9,318,0,153,0,27,0,47,23,14,0
mut_2_wt_8,1675,1,937,0,514,14,385,150,273,0
mut_5_wt_5,4747,2,3966,1,3225,79,2689,633,2891,0
#mut_0.2_wt_19.8,1,0,1,0,0,0,0,0,0,0
mut_1_wt_19,341,0,159,0,36,0,54,22,18,0
mut_2_wt_18,1671,1,901,1,479,14,368,141,242,0
mut_4_wt_16,4209,1,3199,1,2347,52,1909,506,1936,4
mut_10_wt_10,5408,21,5330,12,5118,135,4782,497,5165,5
#mut_0.4_wt_39.6,17,0,9,0,2,0,1,2,1,0
mut_2_wt_38,1648,1,912,0,397,10,372,144,251,1
mut_4_wt_36,4204,3,3206,2,2010,50,1843,541,1841,0
mut_8_wt_32,5316,14,5112,9,4665,121,4283,604,4695,5
mut_20_wt_20,5476,65,5468,31,5332,146,5318,193,5426,18
#mut_0.8_wt_79.2,0,0,0,0,0,0,0,0,0,0
mut_4_wt_76,4236,3,3219,1,1672,40,1926,515,1966,1
mut_8_wt_72,5362,11,5134,9,3659,92,4262,646,4696,3
mut_16_wt_64,5457,50,5467,27,5224,143,5269,225,5407,9
mut_40_wt_40,5498,192,5494,97,5357,151,5329,198,5430,23
