sim.del.10,911,9,854,9,638,0,790,5
sim.del.2,313,0,161,0,43,0,34,0
sim.del.20,950,39,925,38,671,0,911,16
sim.del.5,797,2,641,2,352,0,384,2
sim.del.50,986,104,958,102,674,0,948,45
sim.dup.10,822,6,765,5,0,0,712,1
sim.dup.2,242,0,129,0,0,0,21,0
sim.dup.20,896,14,821,13,0,0,823,7
sim.dup.5,705,0,541,0,0,0,290,0
sim.dup.50,917,62,871,57,0,0,864,20
sim.inr.10,1842,25,1758,25,1189,172,11,2
sim.inr.2,525,0,304,0,86,4,1,0
sim.inr.20,1929,88,1887,78,1273,443,13,2
sim.inr.5,1560,9,1227,7,652,40,6,1
sim.inr.50,1970,168,1943,143,1355,920,17,5
sim.inv.10,955,16,922,16,917,2,538,5
sim.inv.2,696,1,518,1,341,0,3,0
sim.inv.20,966,46,956,45,927,0,876,24
sim.inv.5,908,4,837,4,827,1,138,1
sim.inv.50,987,131,974,125,934,0,954,56
