sim.del.10,954,9,910,9,638,0,790,5
sim.del.2,316,0,164,0,43,0,34,0
sim.del.20,978,39,960,38,671,0,911,16
sim.del.5,851,2,683,2,352,0,384,2
sim.del.50,994,104,983,102,674,0,948,45
sim.dup.10,893,6,816,5,0,0,712,1
sim.dup.2,248,0,129,0,0,0,21,0
sim.dup.20,924,14,872,13,0,0,823,7
sim.dup.5,751,0,583,0,0,0,290,0
sim.dup.50,938,62,902,57,0,0,864,20
sim.inr.10,1914,26,1816,26,1189,172,11,2
sim.inr.2,533,0,314,0,86,4,1,0
sim.inr.20,1968,89,1931,79,1273,443,13,2
sim.inr.5,1633,10,1274,7,652,40,6,1
sim.inr.50,1984,169,1957,143,1355,920,17,5
sim.inv.10,984,16,967,16,917,2,538,5
sim.inv.2,739,1,549,1,341,0,3,0
sim.inv.20,991,46,981,45,927,0,876,24
sim.inv.5,955,4,909,4,827,1,138,1
sim.inv.50,997,131,989,125,934,0,954,56
