sim.del.10,966,9,926,9,638,0,790,5
sim.del.2,326,0,167,0,43,0,34,0
sim.del.20,982,39,963,38,671,0,911,16
sim.del.5,874,2,705,2,352,0,384,2
sim.del.50,995,104,983,102,674,0,948,45
sim.dup.10,903,6,834,5,0,0,712,1
sim.dup.2,260,0,134,0,0,0,21,0
sim.dup.20,932,14,880,13,0,0,823,7
sim.dup.5,776,0,607,0,0,0,290,0
sim.dup.50,940,62,903,57,0,0,864,20
sim.inr.10,1933,25,1840,25,1189,172,11,2
sim.inr.2,545,0,319,0,86,4,1,0
sim.inr.20,1976,88,1938,78,1273,443,13,2
sim.inr.5,1680,9,1308,7,652,40,6,1
sim.inr.50,1988,168,1962,143,1355,920,17,5
sim.inv.10,985,16,970,16,917,2,538,5
sim.inv.2,768,1,575,1,341,0,3,0
sim.inv.20,991,46,982,45,927,0,876,24
sim.inv.5,964,4,913,4,827,1,138,1
sim.inv.50,998,131,989,125,934,0,954,56
