#mut_0.1_wt_9.9,0,0,0,0,0,0,0,0,0,0,0,0,0,0
mut_0.5_wt_9.5,3,0,5,0,33,0,2,1,2,1,2,1,1,0
mut_1_wt_9,71,0,23,0,319,0,68,3,27,0,47,23,14,0
mut_2_wt_8,536,0,254,0,1711,0,519,14,514,14,385,150,273,0
mut_5_wt_5,3321,1,1966,0,4859,2,3225,79,3225,79,2689,633,2891,0
#mut_0.2_wt_19.8,0,0,0,0,1,0,0,0,0,0,0,0,0,0
mut_1_wt_19,76,0,30,0,344,0,75,0,36,0,54,22,18,0
mut_2_wt_18,510,1,242,1,1712,1,492,14,479,14,368,141,242,0
mut_4_wt_16,2420,1,1337,0,4302,1,2358,52,2347,52,1909,506,1936,4
mut_10_wt_10,5271,10,3769,12,5473,21,5118,135,5118,135,4782,497,5165,5
#mut_0.4_wt_39.6,4,0,0,0,17,0,3,0,2,0,1,2,1,0
mut_2_wt_38,520,0,234,0,1680,0,508,10,397,10,372,144,251,1
mut_4_wt_36,2384,2,1295,1,4301,3,2322,52,2010,50,1843,541,1841,0
mut_8_wt_32,4879,9,3291,6,5385,14,4739,122,4665,121,4283,604,4695,5
mut_20_wt_20,5499,24,4384,48,5497,62,5332,151,5332,146,5318,193,5426,18
#mut_0.8_wt_79.2,0,0,0,0,0,0,0,0,0,0,0,0,0,0
mut_4_wt_76,2439,1,1364,2,4317,3,2376,56,1672,40,1926,515,1966,1
mut_8_wt_72,4905,8,3358,4,5423,10,4775,118,3659,92,4262,646,4696,3
mut_16_wt_64,5482,20,4253,36,5492,30,5330,147,5224,143,5269,225,5407,9
mut_40_wt_40,5504,71,4575,140,5508,191,5357,165,5357,151,5329,198,5430,23
